,0,1
0,2.548928,2.5392928
1,2.5642579,2.5455976
2,2.5806775,2.5545685
3,2.5944357,2.5668104
4,2.601676,2.5818558
5,2.6074574,2.59445
6,2.6135738,2.6054592
7,2.621093,2.613189
8,2.6301033,2.6192546
9,2.6400363,2.6255589
10,2.6493802,2.6333818
11,2.6574686,2.6428018
12,2.6650264,2.6533945
13,2.6716087,2.663654
14,2.6776593,2.672744
15,2.6828432,2.6812603
16,2.6860578,2.6887388
17,2.6917374,2.6950126
18,2.7011714,2.6992724
19,2.710542,2.7007794
20,2.717153,2.7047265
21,2.722004,2.712035
22,2.7254586,2.722746
23,2.7275243,2.7335086
24,2.728176,2.7413154
25,2.7273827,2.7471201
26,2.7253802,2.751055
27,2.7242155,2.7531638
28,2.7244244,2.7535203
29,2.7241967,2.7524672
30,2.7222936,2.7502794
31,2.7169514,2.7489908
32,2.7082303,2.7492132
33,2.6963906,2.7490287
34,2.6855154,2.7470303
35,2.676682,2.7413452
36,2.6742227,2.7320137
37,2.6741462,2.7192512
38,2.6755714,2.7074854
39,2.67743,2.6979702
40,2.6785572,2.695489
41,2.6777496,2.695802
42,2.675491,2.6978364
43,2.67338,2.7003274
44,2.6722093,2.7019205
45,2.672003,2.7013185
46,2.672909,2.698966
47,2.6748013,2.696609
48,2.6763768,2.695205
49,2.6765726,2.6948745
50,2.6742272,2.6958542
51,2.668643,2.6980443
52,2.6617367,2.70003
53,2.6511729,2.7005808
54,2.637867,2.6991282
55,2.6281931,2.695389
56,2.620951,2.6906812
57,2.6151593,2.6824098
58,2.611111,2.6711118
59,2.6089778,2.6601183
60,2.609134,2.6498535
61,2.6107175,2.6422865
62,2.6117446,2.6363797
63,2.6106467,2.6323779
64,2.6061604,2.630272
65,2.5964715,2.6301632
66,2.5850186,2.6308427
67,2.5739949,2.629113
68,2.5680654,2.624004
69,2.564939,2.614843
70,2.5659313,2.6021316
71,2.568305,2.5900533
72,2.572084,2.583797
73,2.577249,2.5805264
74,2.5826406,2.5803795
75,2.585784,2.5818472
76,2.588552,2.58472
77,2.590298,2.5889783
78,2.5918324,2.594601
79,2.5944529,2.6003737
80,2.5979617,2.6050472
81,2.6019773,2.610918
82,2.6073823,2.617224
83,2.6098332,2.623487
84,2.608921,2.6296134
85,2.6073525,2.6288574
86,2.606008,2.627329
87,2.6058168,2.6259089
88,2.6068745,2.6256616
89,2.6096017,2.6267977
90,2.6137235,2.6297104
91,2.6190066,2.6341999
92,2.625657,2.640037
93,2.6337254,2.6473691
94,2.6430166,2.656124
95,2.652227,2.6659586
96,2.6606348,2.6753802
97,2.6673772,2.6833653
98,2.6730068,2.6889627
99,2.6773844,2.6926088
100,2.6831918,2.694533
101,2.6889799,2.6971552
102,2.6955287,2.7013261
103,2.7017474,2.7065005
104,2.7077572,2.712735
105,2.7151356,2.7198114
106,2.7250965,2.7265205
107,2.738135,2.7329507
108,2.7545133,2.7408044
109,2.7729628,2.751408
110,2.7915027,2.7652404
111,2.81078,2.7826269
112,2.8306582,2.8023868
113,2.8506846,2.8224235
114,2.867095,2.8433018
115,2.8833966,2.8647501
116,2.892469,2.8861916
117,2.9000742,2.9036505
118,2.9052744,2.9210215
119,2.9106224,2.9310002
120,2.9172943,2.9394343
121,2.92487,2.945216
122,2.9329932,2.9511437
123,2.9420743,2.9584568
124,2.951833,2.966794
125,2.9621706,2.9757252
126,2.9735532,2.9856591
127,2.9856744,2.9963415
128,2.9978652,3.007629
129,3.0098548,3.0199084
130,3.0225868,3.0329561
131,3.0357294,3.0460143
132,3.0479445,3.0587556
133,3.0572128,3.0710783
134,3.061616,3.0834904
135,3.0560687,3.0954533
136,3.0479164,3.1055038
137,3.0395753,3.1117105
138,3.0319924,3.112579
139,3.0254602,3.106551
140,3.0190842,3.097815
141,3.0126722,3.0889702
142,3.0060399,3.081056
143,2.9998136,3.0744512
144,2.994391,3.0681045
145,2.989799,3.0618496
146,2.9870312,3.0554435
147,2.9862201,3.0494232
148,2.986329,3.0441828
149,2.9883022,3.039793
150,2.9932926,3.0372286
151,3.0026643,3.0366075
152,3.0170214,3.036937
153,3.0351305,3.039165
154,3.0522695,3.0445726
155,3.0708137,3.0545754
156,3.0859644,3.069796
157,3.0989149,3.0889416
158,3.1092026,3.1071117
159,3.1178887,3.1266873
160,3.1255805,3.1426313
161,3.1325598,3.1562736
162,3.1379056,3.1670835
163,3.1413043,3.1761737
164,3.1424813,3.1842003
165,3.1419036,3.1913903
166,3.141064,3.1968293
167,3.1401396,3.2003372
168,3.139169,3.2015808
169,3.136529,3.201069
170,3.1313176,3.200335
171,3.1244643,3.199619
172,3.1149104,3.1989071
173,3.1078823,3.199268
174,3.1109204,3.201454
175,3.1207526,3.208062
176,3.1396146,3.2197075
177,3.1704638,3.2361574
178,3.183381,3.2494001
179,3.1941307,3.2602322
180,3.2022643,3.268308
181,3.207954,3.2739515
182,3.2116222,3.277826
183,3.2119205,3.2789655
184,3.2113833,3.2796311
185,3.2097576,3.2795258
186,3.2072358,3.2783418
187,3.2042134,3.276111
188,3.2010684,3.2732992
189,3.1982546,3.270312
190,3.1958723,3.2676537
191,3.1953497,3.2654438
192,3.1957223,3.265122
193,3.195698,3.2657316
194,3.1959553,3.2658637
195,3.196486,3.2661972
196,3.1959548,3.2666728
197,3.1926992,3.2659147
198,3.186933,3.2623305
199,3.1792548,3.2560563
200,3.172746,3.2477558
201,3.1702702,3.2407112
202,3.176928,3.23794
203,3.1839356,3.24499
204,3.1898277,3.2526069
205,3.1942768,3.2590716
206,3.1973515,3.2639697
207,3.1989539,3.2672348
208,3.1975887,3.2687757
209,3.1932268,3.2671733
210,3.1863341,3.2625132
211,3.1782365,3.255231
212,3.1701741,3.246927
213,3.1647112,3.2388413
214,3.1600127,3.2336318
215,3.1561737,3.2294908
216,3.1538932,3.2265449
217,3.1500764,3.22494
218,3.1444259,3.2226577
219,3.1369677,3.2187612
220,3.128201,3.2128973
221,3.1188061,3.2049897
222,3.1089642,3.1956148
223,3.099313,3.1854653
224,3.0908926,3.1748044
225,3.0850394,3.164425
226,3.0817628,3.1555362
227,3.0806782,3.149516
228,3.0818174,3.1463795
229,3.0844347,3.1455777
230,3.088394,3.147055
231,3.093226,3.1497407
232,3.098656,3.1535878
233,3.1036386,3.1580865
234,3.1069572,3.1628761
235,3.1110365,3.1668313
236,3.1159964,3.1688313
237,3.1209528,3.1722257
238,3.1250699,3.1764
239,3.1281598,3.1814475
240,3.1300888,3.186556
241,3.1302478,3.190883
242,3.1280556,3.1941433
243,3.124195,3.1961863
244,3.1197917,3.1959894
245,3.11563,3.1928885
246,3.1121695,3.1878684
247,3.1095746,3.1823108
248,3.107632,3.1769297
249,3.1061618,3.174241
250,3.104936,3.1723258
251,3.1051242,3.1710088
252,3.1053128,3.1699471
253,3.1046543,3.1702335
254,3.1033466,3.1704445
255,3.1024988,3.1697218
256,3.1022968,3.168323
257,3.102452,3.1673927
258,3.1034126,3.1671236
259,3.104634,3.1671999
260,3.1048522,3.1681385
261,3.1047826,3.1693993
262,3.106428,3.169634
263,3.1115193,3.169561
264,3.1210523,3.1713076
265,3.1355855,3.1766558
266,3.1533184,3.1866167
267,3.1683638,3.2017884
268,3.1814394,3.2197921
269,3.19078,3.2345498
270,3.1956184,3.2472486
271,3.1933148,3.2565749
272,3.186729,3.2621613
273,3.1770098,3.2639139
274,3.1653981,3.26114
275,3.1529784,3.2539575
276,3.1404688,3.2435653
277,3.1283627,3.2313159
278,3.1164818,3.2183163
279,3.1048405,3.2053683
280,3.0932467,3.193003
281,3.0808547,3.181019
282,3.0673747,3.1692803
283,3.052314,3.157502
284,3.0343955,3.144649
285,3.0122514,3.1304233
286,2.9877076,3.1143715
287,2.9624512,3.0952032
288,2.9365668,3.0724988
289,2.9164546,3.0484226
290,2.9023635,3.0246944
291,2.8888545,3.0009978
292,2.8769612,2.9836686
293,2.867081,2.9680262
294,2.8601782,2.9527972
295,2.856235,2.9382412
296,2.854728,2.925503
297,2.8546875,2.915064
298,2.854781,2.907799
299,2.8541906,2.903849
300,2.8524196,2.902587
301,2.8497257,2.902931
302,2.8447034,2.903362
303,2.838802,2.9030135
304,2.833254,2.9011083
305,2.8272774,2.8980055
306,2.8203828,2.8922563
307,2.8128345,2.8854325
308,2.8022306,2.8789341
309,2.7889047,2.872096
310,2.7743468,2.8643754
311,2.762732,2.856244
312,2.7546115,2.8448622
313,2.749189,2.8306096
314,2.745763,2.8149781
315,2.7434678,2.802296
316,2.7425966,2.793377
317,2.7429442,2.7875078
318,2.744022,2.783989
319,2.7442968,2.7819564
320,2.7422948,2.7815635
321,2.7371204,2.78231
322,2.7282987,2.7836778
323,2.7171555,2.7839835
324,2.7066555,2.7816896
325,2.6983304,2.7758121
326,2.6941204,2.7659345
327,2.6918733,2.7534356
328,2.6921985,2.7416987
329,2.6937573,2.7324953
330,2.697762,2.7281315
331,2.7055488,2.726147
332,2.7160637,2.7270086
333,2.7283618,2.728982
334,2.742591,2.7334769
335,2.7559364,2.7419107
336,2.7666378,2.7532413
337,2.775971,2.7664347
338,2.7842815,2.7816463
339,2.791848,2.7958934
340,2.7983408,2.8071318
341,2.8041034,2.816571
342,2.8054388,2.8246984
343,2.8072827,2.8318064
344,2.8099573,2.837659
345,2.8119693,2.8429155
346,2.8132808,2.8440168
347,2.812343,2.8456028
348,2.8107555,2.848127
349,2.809,2.850221
350,2.8075075,2.8517523
351,2.8058248,2.8516545
352,2.8034399,2.8505318
353,2.8003607,2.848709
354,2.7964153,2.846754
355,2.7912285,2.8450708
356,2.785415,2.8432977
357,2.7798963,2.8408108
358,2.7766967,2.837485
359,2.7766962,2.8330913
360,2.7800083,2.8273416
361,2.7832797,2.8210158
362,2.7886472,2.8152778
363,2.7947302,2.8121138
364,2.8018415,2.8123145
365,2.798383,2.8122385
366,2.790207,2.806874
367,2.7776697,2.7984009
368,2.7618163,2.7861905
369,2.7435465,2.7714767
370,2.7354016,2.7626145
371,2.7257197,2.7520514
372,2.7154024,2.7407393
373,2.7058427,2.7301898
374,2.6989837,2.7224371
375,2.694835,2.7176733
376,2.6955507,2.7180104
377,2.69787,2.720002
378,2.7005577,2.7224534
379,2.7029607,2.7246575
380,2.7040567,2.7255874
381,2.7053308,2.7267287
382,2.7087774,2.7302995
383,2.7153902,2.7374263
384,2.7241395,2.747116
385,2.7350416,2.7593193
386,2.750478,2.7765183
387,2.7647462,2.7922814
388,2.7796347,2.8084512
389,2.7945924,2.8245637
390,2.8087444,2.8395777
391,2.8139675,2.8451777
392,2.8225777,2.854406
393,2.8346486,2.8673134
394,2.8485765,2.8822367
395,2.863181,2.8979104
396,2.8783228,2.9140537
397,2.8927894,2.9293623
398,2.9053957,2.9424613
399,2.91653,2.9537158
400,2.922915,2.960076
401,2.9279664,2.9651423
402,2.9322977,2.969632
403,2.9354498,2.9731486
404,2.9359133,2.9740374
405,2.9365368,2.9750648
406,2.9370944,2.9760084
407,2.936752,2.9759653
408,2.9347913,2.9742174
409,2.9312687,2.9708052
410,2.9266112,2.966194
411,2.9223483,2.9618957
412,2.9197586,2.9593253
413,2.919094,2.9588413
414,2.920763,2.9609163
415,2.9245067,2.96525
416,2.9294345,2.97096
417,2.9346032,2.976906
418,2.94051,2.983519
419,2.9463801,2.9899044
420,2.9518478,2.995632
421,2.953525,2.997316
422,2.9542692,2.9980123
423,2.9529989,2.9966533
424,2.9502456,2.9937234
425,2.9475064,2.9907613
